
	*****
Dummy Code
	*****

 Suma kar: 1491
6 5 9 7 2 1 4 10 3 8 

 Suma kar: 2086
6 5 9 7 2 11 1 4 10 3 8 

 Suma kar: 2465
6 5 9 7 2 11 1 4 12 10 3 8 

 Suma kar: 1899
6 5 9 7 2 11 1 4 12 10 3 8 13 

 Suma kar: 1323
6 5 9 7 2 11 1 4 12 10 14 3 8 13 

 Suma kar: 855
6 5 9 7 2 11 1 4 12 10 14 15 3 8 13 

 Suma kar: 714
6 5 9 7 2 11 1 4 12 10 14 15 3 16 8 13 

 Suma kar: 663
6 5 9 7 2 11 1 4 12 10 14 17 15 3 16 8 13 

 Suma kar: 606
6 5 9 7 18 2 11 1 4 12 10 14 17 15 3 16 8 13 

 Suma kar: 544
6 5 9 7 18 19 2 11 1 4 12 10 14 17 15 3 16 8 13 

 Suma kar: 2575
6 5 20 9 7 18 19 2 1 11 4 12 10 14 17 15 3 16 8 13 
