
 Suma kar: 766
6 9 2 5 1 3 4 7 8 10 
 Suma kar: 799
6 9 2 11 5 1 3 7 4 8 10 
 Suma kar: 742
6 9 2 11 5 1 3 12 7 4 8 10 
 Suma kar: 688
6 9 5 2 11 1 3 7 12 4 8 10 13 
 Suma kar: 497
6 9 5 1 2 3 11 7 12 4 8 10 13 14 
 Suma kar: 440
6 9 5 1 2 3 11 4 12 7 8 10 13 14 15 
 Suma kar: 423
6 9 5 1 2 3 7 11 4 12 8 10 13 14 15 16 
 Suma kar: 417
6 9 5 1 2 3 7 11 4 12 8 10 13 14 15 16 17 
 Suma kar: 405
6 9 5 1 2 3 7 11 12 16 17 18 4 8 10 13 14 15 
 Suma kar: 393
6 9 5 1 2 3 4 11 12 16 18 7 8 10 13 14 15 19 17 
 Suma kar: 897
6 20 9 5 1 2 3 7 11 12 18 4 8 10 13 14 16 17 19 15 