	*****
Dummy Code
	*****

 Suma kar: 0
6 5 9 7 2 1 4 10 3 8 

 Suma kar: 0
6 5 9 7 2 11 1 4 10 3 8 

 Suma kar: 0
6 5 9 7 2 11 1 4 12 10 3 8 

 Suma kar: 0
6 5 9 7 2 11 1 4 12 10 3 8 13 

 Suma kar: 0
6 5 9 7 2 11 1 4 12 10 14 3 8 13 

 Suma kar: 0
6 5 9 7 2 11 1 4 12 10 14 15 3 8 13 

 Suma kar: 0
6 5 9 7 2 11 1 4 12 10 14 15 3 16 8 13 

 Suma kar: 0
6 5 9 7 2 11 1 4 12 10 14 17 15 3 16 8 13 

 Suma kar: 0
6 5 9 7 18 2 11 1 4 12 10 14 17 15 3 16 8 13 

 Suma kar: 0
6 5 9 7 18 19 2 11 1 4 12 10 14 17 15 3 16 8 13 

 Suma kar: 0
6 5 20 9 7 18 19 2 1 11 4 12 10 14 17 15 3 16 8 13 
